0 2500.2500250025
1 2335.3058505850586
2 2003.9003300330032
3 1747.6905390539055
4 1524.1307130713071
5 1341.784518451845
6 1197.6693169316932
7 1078.1918391839183
8 976.963496349635
9 885.8028302830284
10 807.2114611461146
11 741.3867286728673
12 679.3214621462146
13 622.590799079908
14 583.7778877887789
15 540.2792379237924
16 502.75859585958597
17 464.513701370137
18 420.64457445744574
19 390.53796379637964
20 362.1892389238924
21 341.55043504350436
22 319.6029802980298
23 295.5246424642464
24 278.48247824782476
25 265.7052305230523
26 252.66688668866885
27 239.74808480848085
28 225.06205620562056
29 212.81778177817782
30 199.54621462146216
31 188.8970197019702
32 176.77031703170317
33 167.41020102010202
34 159.45397539753975
35 150.3006300630063
36 143.76995699569957
37 137.03901390139015
38 130.4025502550255
39 123.706400640064
40 118.31326132613262
41 113.44344434443444
42 105.87758775877587
43 101.5961796179618
44 97.31887188718872
45 93.995499549955
46 89.1908790879088
47 84.42782278227823
48 81.5925192519252
49 77.53303330333033
50 75.32478247824783
51 73.0979497949795
52 69.51109110911091
53 66.87499749974998
54 63.945094509450946
55 61.581138113811384
56 59.32373237323733
57 56.704310431043105
58 55.733583358335835
59 53.851905190519055
60 52.39247924792479
61 50.121642164216425
62 48.794579457945794
63 46.22403240324032
64 44.646194619461944
65 42.791459145914594
66 41.02844284428443
67 39.45878587858786
68 38.373687368736874
69 37.39008900890089
70 35.74009400940094
71 34.90808080808081
72 34.18325832583258
73 33.35040504050405
74 32.38113811381138
75 31.7975097509751
76 30.223832383238324
77 29.327762776277627
78 28.527052705270528
79 28.476267626762677
80 27.32865286528653
81 26.32057205720572
82 25.425172517251724
83 24.278177817781778
84 24.1014801480148
85 22.707290729072906
86 22.09167916791679
87 20.821572157215723
88 20.497059705970596
89 19.893079307930794
90 19.35792579257926
91 18.896719671967197
92 18.446384638463847
93 17.84920492049205
94 16.73035303530353
95 16.617441744174418
96 16.233173317331733
97 15.9001700170017
98 15.40918091809181
99 15.168086808680869
100 14.62040204020402
101 14.081328132813281
102 13.808110811081107
103 13.629912991299129
104 13.236873687368737
105 13.035113511351135
106 12.483758375837583
107 12.417901790179018
108 12.114551455145515
109 11.822512251225122
110 11.236153615361536
111 11.125122512251226
112 10.734943494349436
113 10.626402640264027
114 10.235283528352836
115 10.047864786478648
116 9.710931093109311
117 9.526192619261927
118 9.373287328732873
119 9.138293829382938
120 9.013751375137513
121 8.797139713971397
122 8.5996299629963
123 8.446304630463047
124 8.307550755075507
125 8.07007700770077
126 7.853915391539154
127 7.666426642664266
128 7.485328532853285
129 7.30998099809981
130 7.112951295129513
131 6.896989698969897
132 6.795039503950395
133 6.616661666166617
134 6.468726872687268
135 6.303830383038304
136 6.229442944294429
137 6.038603860386039
138 5.987688768876888
139 5.907210721072107
140 5.695069506950695
141 5.634773477347735
142 5.536243624362436
143 5.438063806380638
144 5.328622862286228
145 5.224062406240624
146 5.071117111711171
147 4.948094809480948
148 4.861646164616461
149 4.694269426942694
150 4.618811881188119
151 4.541484148414842
152 4.502160216021602
153 4.405320532053206
154 4.36043604360436
155 4.314401440144015
156 4.236623662366236
157 4.197519751975197
158 4.083878387838784
159 3.9914091409140915
160 3.9003900390039004
161 3.8533253325332533
162 3.8062106210621063
163 3.743774377437744
164 3.7105710571057107
165 3.640674067406741
166 3.6092709270927092
167 3.5922292229222923
168 3.5571357135713573
169 3.5272727272727273
170 3.4852485248524854
171 3.4502350235023505
172 3.414051405140514
173 3.383878387838784
174 3.348704870487049
175 3.331033103310331
176 3.302100210021002
177 3.262036203620362
178 3.24000400040004
179 3.212951295129513
180 3.1824882488248827
181 3.1646364636463646
182 3.137993799379938
183 3.1231723172317234
184 3.099209920992099
185 3.0825682568256827
186 3.0457645764576458
187 3.026812681268127
188 2.9983898389838983
189 2.986058605860586
190 2.9734573457345737
191 2.9652865286528653
192 2.9486748674867487
193 2.9334833483348333
194 2.9050705070507052
195 2.900860086008601
196 2.883148314831483
197 2.8658665866586657
198 2.8403240324032404
199 2.820622062206221
200 2.81023102310231
201 2.797039703970397
202 2.786738673867387
203 2.772577257725773
204 2.757845784578458
205 2.7483448344834485
206 2.7384138413841383
207 2.735043504350435
208 2.7275327532753275
209 2.7252125212521254
210 2.716991699169917
211 2.7147814781478146
212 2.711981198119812
213 2.708020802080208
214 2.702950295029503
215 2.702730273027303
216 2.7001600160016
217 2.6984398439843984
218 2.6994699469946997
219 2.6965096509650963
220 2.693809380938094
221 2.693739373937394
222 2.692139213921392
223 2.691689168916892
224 2.690629062906291
225 2.6913491349134913
226 2.69010901090109
227 2.689358935893589
228 2.689048904890489
229 2.689068906890689
230 2.6904590459045905
231 2.6903290329032905
232 2.687858785878588
233 2.686808680868087
234 2.6874187418741875
235 2.6894689468946895
236 2.6868486848684867
237 2.686078607860786
238 2.684128412841284
239 2.6822482248224824
240 2.6865486548654864
241 2.685088508850885
242 2.6825182518251824
243 2.6794779477947794
244 2.6794879487948795
245 2.6792179217921794
246 2.6806080608060805
247 2.679377937793779
248 2.6793179317931792
249 2.6775577557755774
250 2.67979797979798
251 2.6792079207920794
252 2.678237823782378
253 2.6784778477847784
254 2.679167916791679
255 2.6801180118011803
256 2.6806880688068806
257 2.6807580758075806
258 2.6803480348034805
259 2.6796479647964797
260 2.6816181618161816
261 2.681938193819382
262 2.682898289828983
263 2.6813481348134816
264 2.6825382538253826
265 2.682978297829783
266 2.6842284228422844
267 2.6830983098309833
268 2.681798179817982
269 2.6845584558455844
270 2.683198319831983
271 2.683888388838884
272 2.6845184518451846
273 2.6883188318831883
274 2.6874287428742876
275 2.687368736873687
276 2.689088908890889
277 2.6874087408740874
278 2.6896789678967896
279 2.6887488748874886
280 2.6867886788678867
281 2.6865286528652867
282 2.6907290729072906
283 2.688788878887889
284 2.6906790679067907
285 2.691129112911291
286 2.6903090309030904
287 2.6901790179017904
288 2.6893389338933895
289 2.690969096909691
290 2.6891889188918894
291 2.69006900690069
292 2.6894089408940896
293 2.6901790179017904
294 2.6881888188818883
295 2.6893789378937893
296 2.6868386838683866
297 2.685918591859186
298 2.6861286128612862
299 2.6858485848584857
