0 2500.2500250025
1 2335.3058505850586
2 2003.9003300330032
3 1747.6905390539055
4 1524.1307130713071
5 1341.784518451845
6 1197.6693169316932
7 1078.1918391839183
8 976.963496349635
9 885.8028302830284
10 807.2114611461146
11 741.3867286728673
12 679.3214621462146
13 622.590799079908
14 583.7778877887789
15 540.2792379237924
16 502.75859585958597
17 464.513701370137
18 420.64457445744574
19 390.53796379637964
20 362.1892389238924
21 341.55043504350436
22 319.6029802980298
23 295.5246424642464
24 278.48247824782476
25 265.7052305230523
26 250.43271327132715
27 236.46846684668466
28 222.76150615061505
29 207.83546354635465
30 193.95653565356537
31 183.6200620062006
32 174.5867086708671
33 164.31751175117512
34 158.1878787878788
35 151.21127112711272
36 147.82240224022402
37 140.33354335433543
38 132.49020902090209
39 126.76135613561357
40 120.36804680468047
41 115.43340334033404
42 108.9943594359436
43 104.82555255525553
44 98.59032903290328
45 94.52222222222223
46 89.55694569456946
47 87.08442844284428
48 85.13682368236823
49 79.78445844584458
50 77.53157315731573
51 74.73098309830984
52 70.74184418441844
53 68.62935293529353
54 65.94107410741074
55 64.44611461146114
56 61.384818481848185
57 59.39055905590559
58 57.663786378637866
59 56.45988598859886
60 55.384648464846485
61 53.15736573657366
62 52.284108410841085
63 50.802240224022405
64 49.35712571257126
65 47.783238323832386
66 45.952005200520055
67 44.15501550155015
68 43.33889388938894
69 42.102890289028906
70 41.22619261926192
71 39.691519151915195
72 38.907880788078806
73 37.47531753175318
74 36.68080808080808
75 35.73928392839284
76 34.671487148714874
77 34.45333533353335
78 33.65050505050505
79 32.91638163816382
80 31.308410841084108
81 30.378167816781676
82 29.164916491649166
83 28.921242124212423
84 28.063626362636263
85 27.603840384038403
86 27.056595659565957
87 26.157905790579058
88 25.42775277527753
89 24.975787578757874
90 24.69000900090009
91 24.63006300630063
92 23.68960896089609
93 22.902110211021103
94 21.974977497749776
95 21.80892089208921
96 21.614131413141315
97 20.774197419741974
98 20.592359235923592
99 19.73048304830483
100 19.634823482348235
101 19.156335633563355
102 18.35965596559656
103 17.96898689868987
104 17.83979397939794
105 17.353305330533054
106 16.903460346034603
107 16.726922692269227
108 16.31989198919892
109 16.073327332733275
110 16.03861386138614
111 15.695699569956997
112 15.611471147114711
113 15.28992899289929
114 15.025672567256725
115 14.698949894989498
116 14.237723772377239
117 14.02986298629863
118 13.492279227922792
119 13.32084208420842
120 12.933703370337033
121 12.521122112211222
122 12.284048404840483
123 12.154345434543455
124 12.005210521052105
125 11.696889688968897
126 11.56082608260826
127 11.273217321732174
128 11.265766576657665
129 11.094789478947895
130 10.752535253525352
131 10.605940594059406
132 10.508780878087808
133 10.45052505250525
134 10.40890089008901
135 10.172747274727472
136 9.786228622862286
137 9.56943694369437
138 9.303210321032104
139 9.244664466446645
140 9.091189118911892
141 9.058815881588158
142 8.98118811881188
143 8.896109610961096
144 8.738483848384838
145 8.527702770277028
146 8.315221522152216
147 8.21113111311131
148 8.017471747174717
149 7.91008100810081
150 7.742454245424542
151 7.572537253725373
152 7.476157615761577
153 7.329232923292329
154 7.271897189718972
155 7.194149414941494
156 7.111731173117311
157 6.837673767376738
158 6.793779377937794
159 6.626002600260026
160 6.487148714871487
161 6.42013201320132
162 6.357285728572857
163 6.298659865986599
164 6.182488248824883
165 6.051665166516652
166 5.9108410841084105
167 5.851175117511751
168 5.80923092309231
169 5.718361836183618
170 5.640764076407641
171 5.615621562156216
172 5.565176517651765
173 5.472267226722672
174 5.36017601760176
175 5.284588458845884
176 5.1956695669566955
177 5.157315731573157
178 5.1132113211321135
179 5.025522552255225
180 4.926502650265027
181 4.898349834983498
182 4.827432743274327
183 4.757355735573557
184 4.741954195419542
185 4.686468646864687
186 4.611451145114511
187 4.543254325432543
188 4.523652365236524
189 4.442014201420142
190 4.388048804880488
191 4.339103910391039
192 4.314281428142814
193 4.265096509650965
194 4.214811481148115
195 4.17040704070407
196 4.125412541254126
197 4.094789478947895
198 4.035693569356936
199 3.993279327932793
200 3.9656065606560658
201 3.935753575357536
202 3.8917591759175916
203 3.8515051505150515
204 3.7946094609460945
205 3.7508250825082508
206 3.7097709770977096
207 3.668856885688569
208 3.6033703370337036
209 3.574797479747975
210 3.5383338333833385
211 3.5023802380238025
212 3.4782378237823783
213 3.4604160416041605
214 3.427182718271827
215 3.3946494649464944
216 3.3624862486248626
217 3.321972197219722
218 3.2756375637563755
219 3.2524852485248523
220 3.2136613661366136
221 3.1916691669166917
222 3.1556955695569555
223 3.1356835683568356
224 3.116031603160316
225 3.0997899789979
226 3.0817681768176817
227 3.0486048604860487
228 3.0330833083308333
229 2.9945694569456944
230 2.9836183618361836
231 2.9634563456345635
232 2.947114711471147
233 2.9324332433243323
234 2.911201120112011
235 2.9012701270127015
236 2.8873687368736873
237 2.867086708670867
238 2.8583758375837585
239 2.84002400240024
240 2.826352635263526
241 2.8056305630563054
242 2.7871787178717873
243 2.7648364836483648
244 2.749094909490949
245 2.724882488248825
246 2.7132413241324134
247 2.6963796379637963
248 2.688798879887989
249 2.6762476247624765
250 2.667986798679868
251 2.652995299529953
252 2.6437543754375437
253 2.634043404340434
254 2.617111711171117
255 2.6084108410841083
256 2.604040404040404
257 2.594049404940494
258 2.5877687768776876
259 2.5816881688168816
260 2.571967196719672
261 2.566796679667967
262 2.562046204620462
263 2.5576257625762575
264 2.553845384538454
265 2.5497249724972497
266 2.5445044504450447
267 2.54026402640264
268 2.5344834483448344
269 2.5301730173017303
270 2.5268526852685267
271 2.522942294229423
272 2.517901790179018
273 2.5126812681268125
274 2.5043704370437045
275 2.502700270027003
276 2.495679567956796
277 2.4938793879387937
278 2.4874987498749874
279 2.485088508850885
280 2.47975797579758
281 2.4753375337533754
282 2.473097309730973
283 2.471277127712771
284 2.4666866686668665
285 2.462926292629263
286 2.4597659765976596
287 2.4544854485448546
288 2.452945294529453
289 2.4486748674867487
290 2.4456345634563457
291 2.4449144914491447
292 2.442194219421942
293 2.4386838683868386
294 2.4306830683068306
295 2.4292729272927294
296 2.425062506250625
297 2.4216921692169215
298 2.4165116511651163
299 2.414661466146615
