0 0.0
1 0.11933333333333311
2 0.3281666666666664
3 0.46027142857142705
4 0.5631761904761893
5 0.6333968253968254
6 0.6835456709956714
7 0.7206615440115447
8 0.7492199522699525
9 0.7696159729159731
10 0.789544472194472
11 0.8041706293706286
12 0.8159074721030608
13 0.822610499957559
14 0.8239600939995674
15 0.8229185578181707
16 0.8186084988970437
17 0.8161749110904631
18 0.8214757989614357
19 0.8234002985905219
20 0.8158094252710641
21 0.8158371879950465
22 0.8143856041774591
23 0.8110214863467629
24 0.8070871518457434
25 0.8060002737453441
26 0.8012577685793589
27 0.7986512972997998
28 0.7917467508573942
29 0.78610964490043
30 0.7793748139779116
31 0.7746827089387999
32 0.7697484854087643
33 0.7658897090414427
34 0.7628817422481294
35 0.7621375694573435
36 0.7565476371847732
37 0.7502575907493699
38 0.7461182619234795
39 0.7417805729574287
40 0.73929545306752
41 0.7375552698232831
42 0.7333107045615501
43 0.7314343932748679
44 0.7289912085092949
45 0.7243662553938238
46 0.7185860081598442
47 0.7124468184000073
48 0.7100300371812446
49 0.7086943876438554
50 0.7066222206701054
51 0.7032674834315221
52 0.6999305739850598
53 0.6973214444268097
54 0.6933014492537293
55 0.692531487400972
56 0.6897170936508704
57 0.6883316981157701
58 0.6867257566810572
59 0.6850682375980449
60 0.6828528587553919
61 0.6797880287411089
62 0.6779914160903593
63 0.6757533216171936
64 0.6743474618554509
65 0.6716668831640702
66 0.6669889119894192
67 0.6655846359678766
68 0.6630370499232803
69 0.6596845390898456
70 0.6568924564100111
71 0.654388210366431
72 0.6523444925673613
73 0.6505598977045981
74 0.6450721533045446
75 0.6413099892750971
76 0.6370194249844425
77 0.6325254237355615
78 0.6265613864615168
79 0.6233612729330266
80 0.6182600887446207
81 0.6122498791979025
82 0.6082419769098506
83 0.6034221781280826
84 0.5964356123368537
85 0.5903107330924595
86 0.5845369709365145
87 0.5757583690654198
88 0.5706676379687184
89 0.5656053403078628
90 0.5611178548953105
91 0.5558625169534486
92 0.549447340878406
93 0.5426908782938197
94 0.5359578016266643
95 0.5291765221261525
96 0.5217573049991083
97 0.5145590977056411
98 0.5080344624663039
99 0.5023838617977582
100 0.49775674686419996
101 0.4900436981858531
102 0.4841989037964715
103 0.4772931341821193
104 0.4696286056822891
105 0.4649914570334106
106 0.4595333226878397
107 0.45590606499812936
108 0.449239325322414
109 0.4427706207071068
110 0.43696188311983547
111 0.4303116683852384
112 0.42482238132880734
113 0.4193750037501167
114 0.41199324354390976
115 0.4047956332511622
116 0.3975351307564184
117 0.39304066102923807
118 0.3883424590883577
119 0.3816525988902228
120 0.37560395259239543
121 0.36926608115573123
122 0.36379803409308814
123 0.35922494519359005
124 0.3516832189168782
125 0.3456171386139838
126 0.342027065179315
127 0.3362476682847078
128 0.33090386361994034
129 0.32571742771898016
130 0.3206649401928178
131 0.31548142198703594
132 0.31013497036010695
133 0.3046056978093458
134 0.30031157028754557
135 0.29615751525866485
136 0.29126199125839536
137 0.28576481038094836
138 0.28076527564467446
139 0.2757437812008325
140 0.2712386415423358
141 0.2674485916147461
142 0.2616326326304294
143 0.2569485997250699
144 0.25179365078432714
145 0.24742469470078005
146 0.24207915776523348
147 0.2384712039253159
148 0.23506167484856774
149 0.23156094522937257
150 0.22801721570322106
151 0.2252442474356737
152 0.2214733571795023
153 0.21837464015982694
154 0.21459018418099945
155 0.21072811050680704
156 0.20671404946439975
157 0.20299180030977806
158 0.19910882214963144
159 0.19481288361046467
160 0.19091783414145524
161 0.18680999391459774
162 0.18340759473192067
163 0.18009160550779707
164 0.17705677792349386
165 0.17368748911952897
166 0.17111445387381172
167 0.1680368293973833
168 0.16547334815096168
169 0.16236155994596493
170 0.15972501778633513
171 0.15704885235870167
172 0.15445392058294619
173 0.15189213204885008
174 0.14912085390292984
175 0.14640711989218752
176 0.144042092749054
177 0.1417278935227603
178 0.13920468355437254
179 0.1367098984139522
180 0.13441408482965272
181 0.13152828416143167
182 0.12939652072993238
183 0.12725686190967914
184 0.12458420587888525
185 0.12199034452988743
186 0.11984010790459887
187 0.11787469150572291
188 0.11601123840778008
189 0.11403676829834748
190 0.11212885601106864
191 0.11055310049070737
192 0.10813778153571471
193 0.10628965067500876
194 0.10468158238680902
195 0.10318868196738791
196 0.10145133615781929
197 0.09976573398858447
198 0.09721725379284879
199 0.09562616423181095
200 0.09393815252037285
201 0.09216801877443023
202 0.09081168436825414
203 0.08939097822062492
204 0.08774100087225535
205 0.086027362384668
206 0.0844779119157331
207 0.08297132351955684
208 0.08146898306893911
209 0.08042681136344788
210 0.07921286208625547
211 0.07799518210157387
212 0.0769648389897929
213 0.07553479422874365
214 0.07406947335884734
215 0.07284679316559388
216 0.07182653479846705
217 0.0704276065848303
218 0.06902291445878646
219 0.06788468828712264
220 0.06664417429117583
221 0.06538329733737493
222 0.06418333156244105
223 0.06327556809371916
224 0.062322875369471294
225 0.060944987914072976
226 0.06009519653132568
227 0.059162820868322426
228 0.05822891355409437
229 0.05732381017788804
230 0.05628589140017852
231 0.055373744706751174
232 0.0544968021074752
233 0.05362365848010385
234 0.05256849252014943
235 0.051485116505542175
236 0.050520514864260894
237 0.049545100971225595
238 0.04871451994709215
239 0.04786632913953898
240 0.04696647088238194
241 0.04617462296759658
242 0.04539628358450106
243 0.04463427719163434
244 0.043853499683320994
245 0.0429856351978342
246 0.04212536054709958
247 0.041294422050595636
248 0.040629955537963634
249 0.04008110524644921
250 0.039202534046586794
251 0.038431125344330845
252 0.03760658619346923
253 0.03700388258166338
254 0.036073555916406264
255 0.035462977138560725
256 0.03464742925386758
257 0.034123336829282425
258 0.03363273657421913
259 0.03294468325450297
260 0.03228161867522127
261 0.031574438220663185
262 0.03085804586166738
263 0.03029108252287835
264 0.02976833388151627
265 0.02922618931679976
266 0.028509336515279055
267 0.028116697357593493
268 0.02762568715261711
269 0.026995286133179464
270 0.02649890041971517
271 0.025946201602879297
272 0.025521573022962717
273 0.025046094649359925
274 0.024481013320640774
275 0.02404630570301804
276 0.02362177384658365
277 0.023026727544309396
278 0.022608321166457
279 0.022175325685308722
280 0.0217605584163762
281 0.021434127247658592
282 0.02103161021243682
283 0.020607547168426013
284 0.020119749741436873
285 0.019775383517159524
286 0.019347481712620594
287 0.018958654105095986
288 0.01864708252153389
289 0.01830734531509614
290 0.017888200903711078
291 0.017513710831301023
292 0.01726782268549271
293 0.016990782281103938
294 0.016758794963965887
295 0.01660291918468935
296 0.016243466078294518
297 0.01591062062136185
298 0.015581228951282399
299 0.015340925607414907
