0 0.999
1 0.33766464513436395
2 0.3317900293583976
3 0.3434934322862985
4 0.3552008259459333
5 0.36136105738108415
6 0.3510700749316438
7 0.34919167713548466
8 0.34435561072345716
9 0.3430032910068165
10 0.33465674177305593
11 0.3226417113976576
12 0.3204012862723889
13 0.3155777186807539
14 0.3023670825746017
15 0.29459250292429917
16 0.28557831509099485
17 0.28025638203712805
18 0.2706324687493354
19 0.2640765867680488
20 0.259252923650571
21 0.24805944822284917
22 0.2431403782820346
23 0.2408687281807656
24 0.2353863199013316
25 0.2262179086004783
26 0.22004181481001928
27 0.2130070851711706
28 0.20694627252674977
29 0.2020560030543741
30 0.1973844959185336
31 0.19145353182305144
32 0.18353642023396147
33 0.1795743235337575
34 0.17495713712868688
35 0.17023048316095013
36 0.16410838549858736
37 0.1610168138283404
38 0.1548029968050962
39 0.15070320628632838
40 0.14511361835381625
41 0.1410928489986228
42 0.13754517457513418
43 0.1344113505472411
44 0.13050593021565185
45 0.12626750681750423
46 0.1242840919291558
47 0.12119708727873278
48 0.11843276671057168
49 0.11575827569052603
50 0.11330322379567007
51 0.11053692061648601
52 0.10749967683165813
53 0.10491571230903787
54 0.10201611844855356
55 0.09973666104696885
56 0.09662783199399992
57 0.09438134099175749
58 0.09175654390467594
59 0.08933233913856538
60 0.08799713139497144
61 0.08578167225108105
62 0.08418838357578487
63 0.08256091864596185
64 0.08078251500931523
65 0.07937652286198585
66 0.07766356680638213
67 0.07581078616920786
68 0.07415369973235653
69 0.07264771893228032
70 0.07077894636584742
71 0.06851431600831617
72 0.06738802875262591
73 0.06648965234718095
74 0.06540593737883105
75 0.06430286955495104
76 0.06309232134373627
77 0.06171624481219878
78 0.06061374792078136
79 0.05960308331035799
80 0.05853514305650003
81 0.057495372096475664
82 0.056447114345460764
83 0.05569600732664537
84 0.05489025121750782
85 0.05413315243661252
86 0.053109880922385416
87 0.052257124079137955
88 0.05114387397719915
89 0.050542202862507164
90 0.049718003809857525
91 0.04897937655940316
92 0.04807269328180789
93 0.04749686988256598
94 0.04710584174991095
95 0.046478635423859084
96 0.04574919997958004
97 0.04531946734941397
98 0.04470826715981661
99 0.044119924159241
100 0.043179099743516906
101 0.042607136277438756
102 0.042102104775721044
103 0.04150706510460766
104 0.04101502733055566
105 0.04039277090119843
106 0.03988101810100674
107 0.03960184438402618
108 0.03895702753057873
109 0.03839920660848645
110 0.03790537818043846
111 0.03753706617545267
112 0.03688895695409983
113 0.036516329857076306
114 0.03616944919553176
115 0.03572843376955955
116 0.03526941468426869
117 0.035082648098700986
118 0.03467517156539285
119 0.034285738626390276
120 0.03387339447405567
121 0.03340284838124338
122 0.0329550583924003
123 0.03275814699987397
124 0.032412253055568004
125 0.03204332270023917
126 0.03194328497670541
127 0.03149036444343981
128 0.03115712125460651
129 0.030769529864900516
130 0.030537617120094698
131 0.03025329721331907
132 0.029988069946579266
133 0.029699540999149322
134 0.029432828264438774
135 0.028978215598051055
136 0.02878039689360258
137 0.02845957549766611
138 0.028282956450589296
139 0.028045751942464194
140 0.02784117690051572
141 0.027674243568340598
142 0.02733460503848657
143 0.027202620764631653
144 0.027112406869534016
145 0.026889595144092216
146 0.02670185909101133
147 0.026559666057142616
148 0.026228940770315488
149 0.02600958459604366
150 0.025648058898901375
151 0.0254127869441422
152 0.025198596006289858
153 0.024959070598185976
154 0.024794643258082377
155 0.024639507990717447
156 0.024377215461784826
157 0.02415065104339942
158 0.024062990222868126
159 0.02390336431573712
160 0.023736725214087012
161 0.023602051549560285
162 0.02340664135457114
163 0.023146131808408688
164 0.02303727373099658
165 0.022834862266193044
166 0.022599761449696013
167 0.022521035579848303
168 0.022438220026144273
169 0.02228918114077598
170 0.02218921109089566
171 0.02192465932787108
172 0.021726188004358323
173 0.0215707522249728
174 0.02139105337757596
175 0.021286479815747425
176 0.02113016715938048
177 0.021035654983771416
178 0.020803405815305626
179 0.02073462760701495
180 0.020609578968045824
181 0.020440546049753015
182 0.020316290377790907
183 0.020150566229027583
184 0.020128470015618308
185 0.01995711936594465
186 0.019778749302955964
187 0.0196982064588371
188 0.019614578061271017
189 0.019532793597334938
190 0.019350900823503867
191 0.01920028008841889
192 0.019038951942181553
193 0.018889751648728692
194 0.018777680338913867
195 0.01867630432772568
196 0.018562587655537217
197 0.018561363547568783
198 0.018462614967327765
199 0.018205403370146114
200 0.01800278757152694
201 0.01800947620745192
202 0.017898150536282152
203 0.017846597439851224
204 0.017787050711886684
205 0.017750669781539538
206 0.01766400372127832
207 0.01744004053533962
208 0.017464896082411793
209 0.017370162500352355
210 0.01735284414167746
211 0.017328706743821982
212 0.017252911381275417
213 0.017122692057439666
214 0.017034556830376555
215 0.01696011489217289
216 0.016891962465315807
217 0.016807923228742177
218 0.01674924504358972
219 0.016750460087025867
220 0.016655270010699896
221 0.016602408835501577
222 0.016587806872215734
223 0.016453062164047436
224 0.01640604381134904
225 0.016390850994994148
226 0.016369348224986174
227 0.016300746182820177
228 0.016274517619660287
229 0.01622804479068849
230 0.016186002562540967
231 0.01610306091700465
232 0.015987971393567026
233 0.015942209528465635
234 0.015861657028232636
235 0.015821192605099524
236 0.015829245328107703
237 0.015649216502783253
238 0.015714394374328155
239 0.015704785358048756
240 0.015617822880177934
241 0.015551763458016895
242 0.015491750327570044
243 0.01539495749725336
244 0.015341808060812511
245 0.015242262136339793
246 0.01516585393904106
247 0.015179385113554723
248 0.015058103876842912
249 0.0150328010528216
250 0.015050075020613077
251 0.015006793912851573
252 0.014971936559770587
253 0.014925991594820043
254 0.01490039852951367
255 0.014904076855596117
256 0.01490056850955718
257 0.01485452404995783
258 0.014760164457073078
259 0.014731751056902399
260 0.014690190542925256
261 0.014644674964217159
262 0.014629944704110446
263 0.01451514489547283
264 0.014466047869732997
265 0.014357601821802565
266 0.014382135293284687
267 0.01436475591835226
268 0.014306032198023311
269 0.014220432199703354
270 0.014195610003514887
271 0.014154875577105926
272 0.014142645898076747
273 0.014033900397752463
274 0.013984711355355974
275 0.013968135512008805
276 0.013956871851775191
277 0.013835003234140617
278 0.013783903723323578
279 0.013735220380661802
280 0.013768731830555684
281 0.013700680856141772
282 0.013658934885100973
283 0.013587958846520812
284 0.013549881490292705
285 0.013503914901840507
286 0.013431016593957828
287 0.013404299804461516
288 0.013355677150823348
289 0.013407877490235951
290 0.013374881205662366
291 0.013305288975698312
292 0.013286602472010524
293 0.013294238964216377
294 0.01326966396036042
295 0.013250912782083884
296 0.013207516571978238
297 0.013176979148952595
298 0.01318763450285587
299 0.01314443020275826
