0 0.999
1 0.4168778102355948
2 0.43046953088121004
3 0.4265199309550277
4 0.42913376055603
5 0.42149712226211905
6 0.4174292628722588
7 0.39661750366671333
8 0.3933123890757675
9 0.366980300179482
10 0.3627653486829314
11 0.3522312943853742
12 0.33557781926390823
13 0.3213086744917609
14 0.31036803225273385
15 0.3031295850674388
16 0.291667552042698
17 0.2834431179166669
18 0.27114055465378023
19 0.25235902219507855
20 0.23776948488020724
21 0.22946477999239645
22 0.2154503044308949
23 0.20682158809899456
24 0.1934975270143209
25 0.18699249534497475
26 0.17828831301103623
27 0.16730602729457075
28 0.1570356696093744
29 0.15046703146460627
30 0.14183460006852303
31 0.13557753369049313
32 0.12983554962308735
33 0.1258011739020343
34 0.11954628142874592
35 0.11452538302628051
36 0.1095811276985289
37 0.10449423699916983
38 0.10128347318812923
39 0.09670790148234892
40 0.09190649894411408
41 0.0884765101250804
42 0.08596397871428661
43 0.08371549621253457
44 0.07909711224667289
45 0.07646806395208615
46 0.07354732884184037
47 0.07142967753241654
48 0.068116044967343
49 0.06533208428807438
50 0.06283032051928882
51 0.06050772298322856
52 0.05835437584532411
53 0.05737177692014697
54 0.05580268670915102
55 0.053599405969508684
56 0.05244038866163978
57 0.05117826933216677
58 0.050021968109289446
59 0.04837082928185679
60 0.046622720316944956
61 0.04475457165238341
62 0.04429868587190161
63 0.04333565846139467
64 0.04193833169527026
65 0.04094091382681531
66 0.03982199605320363
67 0.038486407420893376
68 0.037803458493379224
69 0.036556396602975924
70 0.03613716147767781
71 0.035228004883730374
72 0.03464090489601323
73 0.03393096946914762
74 0.033703593529897866
75 0.033231803630633557
76 0.031947261221371204
77 0.030948342618051426
78 0.030204612883652993
79 0.029356377170550674
80 0.028856244602125485
81 0.02860483523546524
82 0.02823227861958854
83 0.027710145672256353
84 0.026903029357285054
85 0.026228023356938846
86 0.025487292248798494
87 0.024993687628000808
88 0.024402477039578842
89 0.023801904333269622
90 0.0233879966074255
91 0.02306556047870415
92 0.022546073489914716
93 0.021985979634300212
94 0.021898109386506364
95 0.02149561467575446
96 0.021546117262620294
97 0.021205432900734573
98 0.02086684412641906
99 0.0205066895408494
100 0.020087457211497132
101 0.019974353852919367
102 0.019481584468578686
103 0.019427260380442075
104 0.01877468656005228
105 0.018865344071414946
106 0.01832769244202101
107 0.018021703881092314
108 0.01790930637271746
109 0.017705712574504272
110 0.01746876030406372
111 0.01715711404526604
112 0.016912006800128332
113 0.0165658274973127
114 0.01648206696652668
115 0.016482539812346122
116 0.01615020476953496
117 0.016007217146638903
118 0.01599885341970952
119 0.01591725395177388
120 0.015678040907897917
121 0.015428264502472734
122 0.015164916505080915
123 0.015173436530244345
124 0.014907886382633996
125 0.014950724336639912
126 0.014966136476949233
127 0.014665140562787676
128 0.01458831345646943
129 0.014414324035462832
130 0.01408978987467504
131 0.013843686341994982
132 0.013668252788003979
133 0.013556294314185495
134 0.013447785793472672
135 0.013271654234158265
136 0.013057048348776966
137 0.01299471032171155
138 0.013080682291560576
139 0.012888189975545576
140 0.012707449313396612
141 0.012557929930479184
142 0.012562353422391405
143 0.012588431276263122
144 0.012472486204520206
145 0.01245636563291055
146 0.012373583753702636
147 0.012101388517305281
148 0.011994271426321573
149 0.011771176596346442
150 0.011823027428409124
151 0.01182034768515655
152 0.011874185452174458
153 0.011803578163230502
154 0.01163346984505818
155 0.011581712856191168
156 0.01148441334765215
157 0.01136533344148395
158 0.011200118504580095
159 0.01118045290157133
160 0.011026095477133544
161 0.010991616092376137
162 0.010866494091430617
163 0.010814903469480571
164 0.01085130444102015
165 0.010622109720927348
166 0.010708979674264194
167 0.010544964535933211
168 0.010491778390584117
169 0.010374758259853374
170 0.010354218055583791
171 0.010253631788298261
172 0.010137869564291371
173 0.010118234489200816
174 0.010147568889284288
175 0.010035421569154252
176 0.010008309010697223
177 0.009904122668794306
178 0.009918623098742198
179 0.009828364589760365
180 0.009635600611166077
181 0.009666453939272221
182 0.009521606147708486
183 0.009650328623936475
184 0.00944491372571563
185 0.009415233267818821
186 0.009359853143725541
187 0.009299148776456897
188 0.009319618696350998
189 0.009208596604696717
190 0.009336032746656965
191 0.009246977188227475
192 0.009076651166834222
193 0.009043378159197257
194 0.008967323343534419
195 0.008871307707566169
196 0.008798492601804991
197 0.008743936082906589
198 0.008705754038671038
199 0.008633867309286695
200 0.008609083596209335
201 0.008612843039014063
202 0.008603145841237538
203 0.008710326696698743
204 0.0085954426463181
205 0.008505836776742059
206 0.008450373419521586
207 0.008282412651980785
208 0.008376986091949224
209 0.008370901304392171
210 0.008316075264139406
211 0.008288266921767635
212 0.008228199824473184
213 0.008214462639634467
214 0.008241337790340135
215 0.008210996879132976
216 0.008155249545038532
217 0.008124918318854445
218 0.008130365037473095
219 0.008144177958859123
220 0.008107208679481444
221 0.007999425017805914
222 0.008173303108300575
223 0.008067040592604902
224 0.00801631908169731
225 0.008047173103277828
226 0.007911690425921221
227 0.007982312921364941
228 0.007931130772359601
229 0.007805174100839274
230 0.007761089061990077
231 0.00778832096966254
232 0.007700367017974433
233 0.007683687748984693
234 0.007724094715959584
235 0.007727584507183422
236 0.007696386837625338
237 0.007765329606139782
238 0.0076991138667481295
239 0.007717513103956705
240 0.0077457011873073205
241 0.0078032359859686274
242 0.007705613997926887
243 0.0076896233485779005
244 0.007667970727350192
245 0.007673341469459982
246 0.007606148581819483
247 0.007602456959774429
248 0.007538020373910105
249 0.007466211412820974
250 0.007415878564010361
251 0.007491601676335881
252 0.0075366816992111525
253 0.00747359771884974
254 0.007445177433121371
255 0.007471832306519342
256 0.007369529687379566
257 0.007317577224486984
258 0.007269696723412202
259 0.0073008684466403535
260 0.0073195036885577176
261 0.0073484313818980755
262 0.007277705879938324
263 0.0073461130385117515
264 0.0072786536021012755
265 0.007229963884226838
266 0.007251068684058197
267 0.007280994408131703
268 0.007264562581301911
269 0.007196037599322273
270 0.007140573531273637
271 0.007176493888982804
272 0.0071399827444792235
273 0.007143642691084662
274 0.007064540288702251
275 0.007089494358626591
276 0.007148582584597464
277 0.007088505178030929
278 0.0070534224108689675
279 0.007058499701193631
280 0.007096318645600805
281 0.007034911191501901
282 0.007091668764267627
283 0.007028300099150741
284 0.007041218571993528
285 0.007144567993973414
286 0.007044909827822286
287 0.006969670622589969
288 0.007050982040920917
289 0.007112005451699552
290 0.0071065101727760295
291 0.007041125595678599
292 0.0069654665662196155
293 0.006867874539756086
294 0.006884104334973061
295 0.006910622439303465
296 0.006780202478681682
297 0.006818014936391668
298 0.006785284544107898
299 0.006807580096661152
