0 0
1 0
2 0
3 0
4 0
5 0
6 0
7 0
8 0
9 1
10 3
11 1
12 5
13 15
14 37
15 64
16 101
17 124
18 181
19 242
20 327
21 400
22 486
23 555
24 557
25 591
26 627
27 645
28 607
29 593
30 483
31 485
32 375
33 376
34 280
35 273
36 224
37 196
38 154
39 129
40 96
41 85
42 74
43 60
44 46
45 34
46 41
47 42
48 32
49 16
50 15
51 18
52 17
53 21
54 14
55 8
56 8
57 13
58 11
59 14
60 6
61 7
62 6
63 5
64 8
65 5
66 5
67 5
68 3
69 4
70 2
71 2
72 6
73 2
74 2
75 5
76 4
77 2
78 4
79 6
80 4
81 2
82 2
83 0
84 0
85 3
86 1
87 3
88 2
89 0
90 3
91 1
92 2
93 2
94 2
95 0
96 1
97 2
98 1
99 1
100 1
101 1
102 1
103 2
104 1
105 0
106 1
107 2
108 1
109 1
110 0
111 1
112 0
113 1
114 2
115 2
116 1
117 1
118 1
119 1
120 1
121 1
122 2
123 1
124 0
125 0
126 0
127 0
128 0
129 1
130 1
131 2
132 1
133 0
134 0
135 1
136 0
137 0
138 1
139 1
140 0
141 1
142 0
143 1
144 1
145 0
146 1
147 1
148 1
149 0
150 0
151 2
152 0
153 0
154 0
155 0
156 0
157 0
158 0
159 1
160 0
161 0
162 0
163 0
164 0
165 0
166 1
167 1
168 0
169 0
170 0
171 0
172 3
173 0
174 0
175 0
176 0
177 0
178 1
179 0
180 0
181 0
182 0
183 1
184 1
185 1
186 1
187 0
188 0
189 0
190 0
191 0
192 1
193 0
194 0
195 0
196 0
197 0
198 0
199 0
200 0
201 1
202 0
203 0
204 0
205 0
206 0
207 2
208 1
209 0
210 0
211 0
212 0
213 0
214 0
215 0
216 1
217 0
218 1
219 0
220 0
221 0
222 0
223 0
224 0
225 0
226 0
227 2
228 1
229 0
230 0
231 1
232 0
233 0
234 0
235 0
236 0
237 0
238 0
239 0
240 0
241 0
242 0
243 0
244 0
245 0
246 0
247 0
248 1
249 1
250 0
251 0
252 0
253 0
254 0
255 0
256 1
257 0
258 0
259 0
260 0
261 0
262 0
263 0
264 0
265 1
266 0
267 0
268 0
269 0
270 0
271 0
272 1
273 0
274 0
275 1
276 0
277 1
278 0
279 0
280 0
281 0
282 0
283 0
284 0
285 0
286 3
287 1
288 0
289 0
290 0
291 0
292 0
293 0
294 0
295 0
296 0
297 0
298 0
299 0
300 0
301 0
302 0
303 1
304 0
305 0
306 0
307 0
308 0
309 0
310 0
311 0
312 0
313 0
314 1