0 0
1 0
2 0
3 0
4 0
5 0
6 0
7 0
8 0
9 0
10 0
11 0
12 0
13 0
14 0
15 1
16 0
17 4
18 2
19 6
20 4
21 11
22 20
23 28
24 44
25 62
26 84
27 106
28 129
29 173
30 192
31 249
32 263
33 281
34 317
35 319
36 378
37 380
38 363
39 380
40 395
41 370
42 386
43 365
44 369
45 310
46 295
47 261
48 264
49 228
50 227
51 214
52 165
53 153
54 146
55 138
56 133
57 122
58 109
59 92
60 76
61 74
62 82
63 80
64 54
65 56
66 45
67 58
68 31
69 47
70 43
71 36
72 29
73 21
74 24
75 20
76 26
77 17
78 28
79 22
80 13
81 20
82 15
83 16
84 23
85 18
86 11
87 4
88 6
89 9
90 11
