0 1.8999099909991
1 1.899069906990699
2 1.898979897989799
3 1.8990399039903991
4 1.8991799179917992
5 1.8992399239923992
6 1.8993899389938993
7 1.8996799679967997
8 1.9003600360036004
9 1.901850185018502
10 1.9027202720272027
11 1.9037303730373036
12 1.905080508050805
13 1.9073007300730074
14 1.9106010601060106
15 1.9126612661266127
16 1.9143314331433143
17 1.9163116311631163
18 1.916041604160416
19 1.9193419341934193
20 1.9208020802080208
21 1.923072307230723
22 1.9261526152615263
23 1.9285728572857286
24 1.931963196319632
25 1.9375637563756376
26 1.942944294429443
27 1.9544054405440543
28 1.961996199619962
29 1.971127112711271
30 1.9876087608760875
31 1.9912591259125914
32 1.991979197919792
33 1.9981798179817982
34 2.018191819181918
35 2.0175817581758175
36 2.013731373137314
37 2.0190719071907193
38 2.026912691269127
39 2.0661166116611662
40 2.0715471547154714
41 2.0757575757575757
42 2.077917791779178
43 2.0787978797879787
44 2.086108610861086
45 2.103810381038104
46 2.111101110111011
47 2.1227322732273226
48 2.128982898289829
49 2.1427642764276427
50 2.151835183518352
51 2.182068206820682
52 2.1842784278427843
53 2.174717471747175
54 2.1735873587358734
55 2.1915391539153917
56 2.194809480948095
57 2.199329932993299
58 2.1949094909490947
59 2.201860186018602
60 2.20987098709871
61 2.2040404040404042
62 2.1886388638863887
63 2.184028402840284
64 2.1784878487848784
65 2.1952695269526954
66 2.1925992599259927
67 2.221062106210621
68 2.262096209620962
69 2.2662366236623663
70 2.254005400540054
71 2.273007300730073
72 2.282058205820582
73 2.295359535953595
74 2.3000500050005
75 2.316151615161516
76 2.3185518551855187
77 2.314611461146115
78 2.31015101510151
79 2.3100410041004102
80 2.3283828382838285
81 2.3679267926792678
82 2.357185718571857
83 2.372107210721072
84 2.396029602960296
85 2.3954895489548953
86 2.3884188418841883
87 2.3792379237923793
88 2.383988398839884
89 2.413831383138314
90 2.3882288228822883
91 2.4046704670467047
92 2.4215621562156215
93 2.424002400240024
94 2.449044904490449
95 2.4771077107710773
96 2.49008900890089
97 2.4901190119011902
98 2.4794879487948793
99 2.476797679767977
100 2.4815481548154814
101 2.4766376637663767
102 2.488118811881188
103 2.493999399939994
104 2.4824782478247824
105 2.478967896789679
106 2.474887488748875
107 2.477857785778578
108 2.47041704170417
109 2.4814681468146813
110 2.492649264926493
111 2.486078607860786
112 2.4998599859986
113 2.506150615061506
114 2.505810581058106
115 2.5082308230823083
116 2.5244324432443244
117 2.524122412241224
118 2.5243124312431244
119 2.521372137213721
120 2.523282328232823
121 2.506930693069307
122 2.5212821282128215
123 2.5233223322332234
124 2.5244124412441242
125 2.521992199219922
126 2.516991699169917
127 2.519011901190119
128 2.521012101210121
129 2.5083808380838084
130 2.5057205720572058
131 2.513141314131413
132 2.5266326632663265
133 2.5142514251425143
134 2.514931493149315
135 2.516991699169917
136 2.5216021602160215
137 2.51995199519952
138 2.5173917391739176
139 2.522772277227723
140 2.53015301530153
141 2.5446244624462446
142 2.552715271527153
143 2.5413741374137415
144 2.5375437543754376
145 2.552655265526553
146 2.5513551355135515
147 2.54998499849985
148 2.5339333933393338
149 2.5435243524352433
150 2.541024102410241
151 2.537073707370737
152 2.523342334233423
153 2.5266326632663265
154 2.5287028702870287
155 2.5334433443344335
156 2.532143214321432
157 2.5342934293429344
158 2.5365236523652364
159 2.535793579357936
160 2.5365536553655366
161 2.527112711271127
162 2.5292729272927295
163 2.539143914391439
164 2.5305230523052304
165 2.5447544754475446
166 2.544034403440344
167 2.545054505450545
168 2.5422642264226423
169 2.549024902490249
170 2.549124912491249
171 2.5431943194319433
172 2.5457445744574456
173 2.542944294429443
174 2.5403740374037405
175 2.5332133213321333
176 2.534313431343134
177 2.5425242524252427
178 2.5502150215021504
179 2.555045504550455
180 2.5557855785578556
181 2.555905590559056
182 2.563056305630563
183 2.568936893689369
184 2.5727672767276726
185 2.5741274127412743
186 2.5712171217121713
187 2.5684868486848687
188 2.5766876687668767
189 2.576007600760076
190 2.576267626762676
191 2.5764976497649763
192 2.5812481248124812
193 2.5813981398139814
194 2.5782278227822784
195 2.587058705870587
196 2.5846484648464845
197 2.5863486348634863
198 2.586958695869587
199 2.587888788878888
200 2.590859085908591
201 2.5897589758975896
202 2.5826382638263827
203 2.5805680568056806
204 2.5883888388838883
205 2.5950695069506953
206 2.599219921992199
207 2.6024702470247023
208 2.6078207820782078
209 2.6073507350735072
210 2.6095109510951096
211 2.60988098809881
212 2.611151115111511
213 2.6117111711171117
214 2.6183918391839183
215 2.6199119911991198
216 2.618051805180518
217 2.6164716471647163
218 2.62022202220222
219 2.6213021302130213
220 2.621142114211421
221 2.6175917591759177
222 2.6188518851885187
223 2.6195019501950196
224 2.6084908490849084
225 2.6143914391439145
226 2.6127412741274125
227 2.615861586158616
228 2.6183318331833183
229 2.6154615461546156
230 2.6076207620762077
231 2.6128212821282126
232 2.614051405140514
233 2.616321632163216
234 2.6144114411441146
235 2.616941694169417
236 2.6167416741674168
237 2.614211421142114
238 2.6134213421342136
239 2.6115711571157116
240 2.610991099109911
241 2.614911491149115
242 2.6158815881588158
243 2.618811881188119
244 2.616951695169517
245 2.614971497149715
246 2.6131113111311133
247 2.6151715171517154
248 2.617611761176118
249 2.614201420142014
250 2.6129712971297128
251 2.611881188118812
252 2.6106910691069105
253 2.610731073107311
254 2.61016101610161
255 2.6136713671367136
256 2.6156615661566156
257 2.618071807180718
258 2.6145514551455147
259 2.611821182118212
260 2.611311131113111
261 2.615191519151915
262 2.6174617461746172
263 2.6193419341934194
264 2.618931893189319
265 2.6206920692069207
266 2.6175417541754173
267 2.6158115811581157
268 2.616271627162716
269 2.623182318231823
270 2.6243024302430245
271 2.6266826682668265
272 2.6236423642364235
273 2.6182618261826183
274 2.6215321532153215
275 2.625122512251225
276 2.6295129512951294
277 2.6313831383138315
278 2.630963096309631
279 2.6284928492849287
280 2.6284728472847285
281 2.627222722272227
282 2.627732773277328
283 2.626152615261526
284 2.623952395239524
285 2.62008200820082
286 2.6197619761976196
287 2.6251325132513252
288 2.6255025502550255
289 2.626662666266627
290 2.6255625562556255
291 2.6294329432943293
292 2.626792679267927
293 2.6293829382938294
294 2.628072807280728
295 2.6295929592959295
296 2.628002800280028
297 2.6298129812981297
298 2.6292429242924293
299 2.6295829582958294
