0 1.8999099909991
1 1.899099909990999
2 1.899059905990599
3 1.8988698869886989
4 1.8987898789878987
5 1.8985798579857986
6 1.8985698569856986
7 1.8983898389838985
8 1.8984498449844984
9 1.8984798479847984
10 1.8984898489848985
11 1.8985098509850986
12 1.8984398439843984
13 1.8981498149814982
14 1.8983298329832983
15 1.8985898589858985
16 1.898909890989099
17 1.899019901990199
18 1.8994699469946994
19 1.9002200220022003
20 1.9009500950095009
21 1.9018801880188019
22 1.9025602560256025
23 1.9029302930293028
24 1.9037703770377037
25 1.9048004800480047
26 1.9055905590559057
27 1.9061606160616062
28 1.9071907190719073
29 1.907870787078708
30 1.9086708670867087
31 1.9097909790979097
32 1.9112711271127112
33 1.912051205120512
34 1.9133213321332134
35 1.9144814481448145
36 1.9161216121612161
37 1.9176217621762177
38 1.918991899189919
39 1.9215921592159215
40 1.9227522752275228
41 1.9243424342434243
42 1.926992699269927
43 1.9285828582858286
44 1.9293629362936293
45 1.9332733273327334
46 1.9347534753475348
47 1.936103610361036
48 1.9373237323732373
49 1.9384538453845384
50 1.9401540154015402
51 1.9427642764276427
52 1.9442444244424442
53 1.9460646064606462
54 1.9471947194719472
55 1.9487848784878488
56 1.9505350535053505
57 1.9524552455245525
58 1.9545154515451546
59 1.9571657165716572
60 1.9598059805980599
61 1.9582558255825582
62 1.959165916591659
63 1.9621862186218622
64 1.9665966596659665
65 1.9678867886788678
66 1.9765376537653765
67 1.9803980398039804
68 1.983078307830783
69 1.9846884688468847
70 1.9874887488748876
71 1.9933293329332933
72 1.9992099209920993
73 2.002110211021102
74 2.006000600060006
75 2.0053505350535055
76 2.0071907190719074
77 2.0127812781278127
78 2.0175017501750174
79 2.0204520452045203
80 2.026962696269627
81 2.033843384338434
82 2.034813481348135
83 2.036933693369337
84 2.029282928292829
85 2.034193419341934
86 2.0367536753675366
87 2.0323532353235323
88 2.034873487348735
89 2.033763376337634
90 2.0365136513651367
91 2.039213921392139
92 2.0424142414241424
93 2.0417041704170416
94 2.0412841284128413
95 2.0505850585058507
96 2.0434943494349436
97 2.0482348234823484
98 2.059075907590759
99 2.063026302630263
100 2.0687468746874687
101 2.0743374337433744
102 2.073997399739974
103 2.0722872287228724
104 2.0752675267526755
105 2.065316531653165
106 2.0853085308530854
107 2.088308830883088
108 2.108060806080608
109 2.1116311631163116
110 2.1166516651665166
111 2.1177817781778177
112 2.106940694069407
113 2.1124712471247125
114 2.1123512351235125
115 2.112371237123712
116 2.114091409140914
117 2.1134413441344133
118 2.1138113811381136
119 2.1152515251525155
120 2.1085008500850084
121 2.1085708570857085
122 2.112731273127313
123 2.1043204320432043
124 2.105990599059906
125 2.1230923092309233
126 2.1235923592359236
127 2.1336233623362335
128 2.137123712371237
129 2.136273627362736
130 2.1407640764076405
131 2.14966496649665
132 2.1573257325732573
133 2.1488448844884487
134 2.154135413541354
135 2.156235623562356
136 2.1585558555855586
137 2.158025802580258
138 2.1717171717171717
139 2.171017101710171
140 2.1737673767376737
141 2.1794879487948795
142 2.179037903790379
143 2.175087508750875
144 2.188908890889089
145 2.1872487248724872
146 2.184968496849685
147 2.1869186918691867
148 2.1884388438843883
149 2.1803880388038803
150 2.185198519851985
151 2.179117911791179
152 2.1812581258125814
153 2.18001800180018
154 2.188868886888689
155 2.1897589758975897
156 2.199399939993999
157 2.1966196619661966
158 2.206180618061806
159 2.2048304830483048
160 2.207400740074007
161 2.2095609560956095
162 2.21991199119912
163 2.2141514151415143
164 2.2127312731273125
165 2.214891489148915
166 2.2223822382238225
167 2.2246424642464246
168 2.215981598159816
169 2.2174717471747174
170 2.2142814281428143
171 2.2116011601160115
172 2.2175617561756176
173 2.2309330933093308
174 2.22977297729773
175 2.2335933593359334
176 2.2387138713871386
177 2.235973597359736
178 2.2465746574657466
179 2.246864686468647
180 2.2486948694869486
181 2.240794079407941
182 2.2341734173417342
183 2.2348334833483348
184 2.2375037503750375
185 2.2407040704070407
186 2.240594059405941
187 2.242724272427243
188 2.247074707470747
189 2.2454245424542454
190 2.2502950295029502
191 2.2503850385038504
192 2.253005300530053
193 2.2573657365736572
194 2.2517351735173516
195 2.250715071507151
196 2.255095509550955
197 2.258705870587059
198 2.255745574557456
199 2.253195319531953
200 2.25970597059706
201 2.2574757475747576
202 2.259255925592559
203 2.2574057405740575
204 2.257065706570657
205 2.257015701570157
206 2.2556055605560554
207 2.2491149114911493
208 2.24984498449845
209 2.2501650165016502
210 2.2496049604960495
211 2.2509550955095508
212 2.248094809480948
213 2.2507550755075507
214 2.25004500450045
215 2.2513551355135513
216 2.247874787478748
217 2.2495549554955496
218 2.2593759375937594
219 2.2565556555655566
220 2.259115911591159
221 2.261966196619662
222 2.2565456545654565
223 2.2645264526452644
224 2.2665966596659666
225 2.2625262526252627
226 2.2615861586158617
227 2.255015501550155
228 2.2594259425942593
229 2.256945694569457
230 2.256225622562256
231 2.257135713571357
232 2.2584358435843583
233 2.257275727572757
234 2.2564556455645564
235 2.2573857385738574
236 2.2583858385838584
237 2.2578057805780576
238 2.261946194619462
239 2.268956895689569
240 2.2712671267126714
241 2.272207220722072
242 2.278657865786579
243 2.2797479747974796
244 2.275917591759176
245 2.275067506750675
246 2.274857485748575
247 2.278167816781678
248 2.2832883288328834
249 2.2806680668066805
250 2.281868186818682
251 2.287788778877888
252 2.2884988498849883
253 2.2863886388638863
254 2.287068706870687
255 2.287968796879688
256 2.2863186318631863
257 2.2875987598759875
258 2.2885488548854886
259 2.2926292629262925
260 2.2947694769476947
261 2.2936993699369936
262 2.290699069906991
263 2.29002900290029
264 2.285938593859386
265 2.2886488648864884
266 2.2874787478747876
267 2.2877587758775877
268 2.2884788478847886
269 2.287958795879588
270 2.293999399939994
271 2.299189918991899
272 2.3035303530353035
273 2.3021902190219024
274 2.306040604060406
275 2.3031903190319034
276 2.308660866086609
277 2.3114511451145114
278 2.3124912491249123
279 2.314051405140514
280 2.3133113311331135
281 2.311861186118612
282 2.3138713871387138
283 2.317021702170217
284 2.317581758175818
285 2.3185118511851184
286 2.315241524152415
287 2.314931493149315
288 2.3143714371437145
289 2.3151315131513153
290 2.315981598159816
291 2.317051705170517
292 2.3152115211521154
293 2.3124012401240126
294 2.3154515451545152
295 2.3248424842484248
296 2.3254325432543252
297 2.3246424642464247
298 2.3288628862886287
299 2.3207820782078206
